# YOLO format: <class_id> <cx> <cy> <width> <height>  (all normalized 0.0-1.0)
# class 0 = strobilus
# This is a SAMPLE — review and correct these boxes using a labeling tool.
#
# Image: Cones.png
# Each line = one strobilus bounding box

0 0.152 0.420 0.028 0.095
0 0.178 0.360 0.022 0.085
0 0.198 0.480 0.025 0.090
0 0.230 0.310 0.030 0.100
0 0.265 0.550 0.028 0.088
0 0.310 0.390 0.032 0.105
0 0.345 0.270 0.026 0.092
0 0.385 0.440 0.030 0.098
0 0.420 0.320 0.027 0.086
0 0.455 0.490 0.031 0.102
0 0.490 0.380 0.029 0.094
0 0.530 0.260 0.025 0.088
0 0.565 0.560 0.030 0.096
0 0.610 0.420 0.033 0.108
0 0.640 0.340 0.028 0.090
0 0.680 0.480 0.027 0.085
0 0.720 0.300 0.031 0.099
0 0.755 0.540 0.026 0.087
0 0.790 0.400 0.029 0.093
0 0.830 0.360 0.032 0.104
